<?xml version="1.0"?>
<opencv_storage>
<camera_matrix type_id="opencv-matrix">
  <rows>3</rows>
  <cols>3</cols>
  <dt>d</dt>
  <data>
    1018.8891673470611 0. 372.64369565138696 0. 1016.7248047562645
    229.30520994075152 0. 0. 1.</data></camera_matrix>
<distortion_coefficients type_id="opencv-matrix">
  <rows>1</rows>
  <cols>5</cols>
  <dt>d</dt>
  <data>
    -0.46639944332384198 2.0391945868061314 0.00035200279239163654
    -0.00076713748850416419 -16.977268974500848</data></distortion_coefficients>
<rvec type_id="opencv-matrix">
  <rows>20</rows>
  <cols>1</cols>
  <dt>"3d"</dt>
  <data>
    0.071251541017198952 0.062398348929306832 0.03688436112140106
    -0.29495997821036402 0.074545328942675224 0.020628959831527599
    -0.13766682181557346 0.11895458429612203 0.23244038519977595
    -0.28383409509326146 -0.18871576822268979 0.32132932849580592
    -0.049320813634796658 -0.13427677456348189 0.25746334989250674
    -0.033240942294092864 0.18749607972530727 -0.054551282523991419
    -0.071704155992916907 0.0067686342333766053 1.0171998435694027
    -0.022069327192236931 -0.025239250869122976 0.015924570299079371
    -0.19395031622339909 0.2205821877686327 0.080815539382397078
    -0.047211075791823105 -0.25652505725855107 0.12297322427237821
    -0.080312429033228591 0.11229423122078816 -0.05805416097804119
    -0.14157981985122867 -0.021338291430194833 -0.24886169984491105
    -0.10976276308990451 -0.24164930110820357 0.60391120509018681
    -0.18895915909709024 -0.074292239760326353 -0.33189601847525779
    -0.15735309957244703 -0.19497967802578284 0.67671882825310326
    -0.062359262290663769 -0.18964679325947872 0.018813321244383854
    -0.27279321696510134 -0.0010947673627841525 0.074565234827518603
    0.014486527386304231 0.08948629854839503 -0.75405449534247648
    -0.23308731256422149 0.049848257017495005 -0.27201104508625645
    -0.19399489231998834 0.24418031664589099 -0.583758654582339</data></rvec>
<rvec type_id="opencv-matrix">
  <rows>20</rows>
  <cols>1</cols>
  <dt>"3d"</dt>
  <data>
    -114.29131552546978 -79.673973383476294 562.4972205432
    -63.909038318434824 -47.144971703898783 874.9252360144352
    -66.872495170533142 -91.233769401975422 594.29705584275075
    -18.597711911674793 -33.312408975711172 828.9479862341899
    -35.343745304067106 -84.289933180063869 739.11854424466435
    -138.517367859725 -92.786397576008767 678.52662884709093
    23.83900042760434 -112.78042297893133 662.38193498372732
    -107.80358379399586 -16.586930489530822 649.42736118686821
    -130.25882985397428 -96.739823000709848 756.44327064835181
    -57.76393062790509 -104.38433253366034 644.5558852098643
    -152.62435645099433 -35.309660584250913 715.87907507971499
    -117.86922141156825 -58.813510602632135 666.6515284913462
    -97.46566451020405 -105.97024189464103 628.90578856066372
    -161.72687103413395 -21.383706265905563 721.57018437399756
    -107.94639936471435 -106.30726105295108 832.00565864297448
    -104.73743856398444 -36.118038008605275 472.87277959641
    -95.141999355246952 -50.959454865181286 432.0467604736923
    -150.35700969792944 34.220363362767316 596.96455773915704
    -167.10643032152686 8.5771852108080271 639.54700791843925
    -143.13554650077518 40.429907752269685 810.23680863154084</data></rvec>
<cam2gripper type_id="opencv-matrix">
  <rows>4</rows>
  <cols>4</cols>
  <dt>d</dt>
  <data>
    0.70394722853120661 0.71019665979396718 -0.008888411598001399
    -35.563543746668465 -0.71001446630743204 0.70333260237943351
    -0.034680081665926309 -35.156127111183579 -0.018378168500279783
    0.030723848191040383 0.99935893855756774 5.9227893729389587 0. 0. 0.
    1.</data></cam2gripper>
</opencv_storage>
