<?xml version="1.0"?>
<opencv_storage>
<camera_matrix type_id="opencv-matrix">
  <rows>3</rows>
  <cols>3</cols>
  <dt>d</dt>
  <data>
    1018.8890899848071 0. 372.64373648977255 0. 1016.7247236426332
    229.30521863962326 0. 0. 1.</data></camera_matrix>
<distortion_coefficients type_id="opencv-matrix">
  <rows>1</rows>
  <cols>5</cols>
  <dt>d</dt>
  <data>
    -0.46639943712334331 2.0391959386503844 0.00035199854205069628
    -0.00076713455152313005 -16.977270089737132</data></distortion_coefficients>
<rvec type_id="opencv-matrix">
  <rows>20</rows>
  <cols>1</cols>
  <dt>"3d"</dt>
  <data>
    0.071251541399253604 0.062398302928174575 0.036884362410916999
    -0.2949599554730632 0.074545289644297769 0.020628954083160969
    -0.13766680213320018 0.11895453501277498 0.23244038208230097
    -0.28383408412879313 -0.18871581751544314 0.32132932396104646
    -0.049320812612217164 -0.13427683234275606 0.25746334771345325
    -0.033240944497563207 0.18749603611241236 -0.054551277914747863
    -0.071704168721989023 0.0067685740569977202 1.0171998416356003
    -0.022069443948523747 -0.025239259746453104 0.015924562451079483
    -0.19395030288277629 0.22058213997210752 0.080815535416334461
    -0.04721107186745517 -0.25652510625012509 0.1229732200482825
    -0.08031242402965999 0.11229418718662426 -0.058054162042007744
    -0.14157980766135481 -0.021338343200368984 -0.24886170361876994
    -0.10976269958883307 -0.24164934037185029 0.60391121185982743
    -0.18895913951532686 -0.074292278308219772 -0.33189602279270358
    -0.15735310183915988 -0.19497972244953779 0.67671882458695232
    -0.062359264714841912 -0.18964685810109586 0.018813322545865371
    -0.27279320001593149 -0.0010948109256321808 0.07456522934981985
    0.014486539078317361 0.089486254488901865 -0.75405449420664805
    -0.23308730226764404 0.049848215641798109 -0.27201104933371295
    -0.19399488046277286 0.24418027658379943 -0.5837586568615325</data></rvec>
<rvec type_id="opencv-matrix">
  <rows>20</rows>
  <cols>1</cols>
  <dt>"3d"</dt>
  <data>
    -114.29133821506581 -79.673978183546481 562.49717162839249
    -63.909073519064215 -47.144979416844684 874.92516791931894
    -66.872519335011489 -91.233774757330522 594.29700723010683
    -18.597745034238585 -33.312416202901105 828.94791993104491
    -35.343774947648079 -84.289939474059977 739.11848242834765
    -138.51739413313769 -92.786403360648336 678.52656503919718
    23.838973667102088 -112.78042867234922 662.38188313841579
    -107.80361005194042 -16.586935744481416 649.42731090705513
    -130.25886057485036 -96.739829657709436 756.44320715482229
    -57.763956555324718 -104.38433794829515 644.55582981929751
    -152.62438517420372 -35.309666678608977 715.87901240396559
    -117.86924825083854 -58.813516567460766 666.65147093072983
    -97.465688137631687 -105.97024730556778 628.90573000826112
    -161.72689995889877 -21.383712449600928 721.57012046844341
    -107.9464326441267 -106.30726816746285 832.00558758730892
    -104.73745688677583 -36.118042582026099 472.87273410862974
    -95.142016822132547 -50.95945872582795 432.04672317024506
    -150.35703373387582 34.220358304199955 596.96450459801656
    -167.10645597560946 8.5771797192301005 639.54695070531614
    -143.13557904906637 40.429900941645506 810.2367398856112</data></rvec>
</opencv_storage>
